162	960	381	388	645
460	873	529	251	858
874	476	315	812	203
342	678	332	573	44
905	550	249	27	742
285	524	131	941	714
688	818	976	948	836
162	144	947	140	679
853	831	155	412	90
238	480	974	906	555
614	4	765	300	204
874	124	424	770	794
470	935	689	143	203
218	664	368	281	258
335	703	585	181	120
16	605	592	400	176
933	512	261	48	692
248	528	584	207	446
975	126	770	968	970
409	487	938	777	284
79	945	290	247	103
256	285	916	38	89
496	216	385	578	731
548	678	29	581	475
835	93	387	48	136
278	271	412	441	747
532	128	732	717	838
423	369	980	636	533
13	854	33	488	760
458	266	243	864	158
102	98	780	555	88
726	354	743	101	887
181	476	428	256	409
255	174	69	38	282
826	975	760	432	908
303	172	923	40	829
40	100	884	991	797
931	569	492	776	131
952	777	972	578	636
39	466	258	36	665
796	334	447	945	548
650	404	176	108	564
755	719	751	807	804
344	910	991	562	740
850	194	577	651	510
473	652	638	448	665
297	646	546	279	612
72	938	874	852	572
366	764	75	481	863
677	265	683	201	38
380	873	206	336	632
761	109	920	704	990
86	970	431	690	577
904	668	881	889	29
51	554	235	632	119
932	560	859	489	354
635	795	976	853	696
685	180	889	240	126
759	685	900	469	541
981	711	170	575	851
604	874	695	964	682
759	206	842	270	789
910	932	553	487	438
597	896	774	578	405
223	878	56	445	402
518	435	116	467	970
980	530	641	13	192
180	997	326	607	238
573	249	777	797	681
480	777	255	93	790
930	564	707	116	764
68	528	759	620	691
822	255	740	824	184
960	300	348	676	475
873	737	932	262	334
836	939	591	68	891
433	567	970	775	955
225	509	144	229	194
607	708	727	884	351
639	244	386	688	215
20	694	86	364	600
325	179	111	942	361
968	845	673	741	103
114	217	145	57	351
278	199	955	315	162
887	356	173	407	3
484	293	442	693	663
962	286	314	215	189
909	12	90	878	235
797	691	80	715	488
131	737	433	225	928
746	370	658	979	444
947	971	877	124	110
131	848	546	388	174
182	124	643	288	953
773	411	597	303	612
968	240	904	34	466
22	345	234	272	609
889	533	713	729	189
664	151	524	616	16
783	262	326	269	371
159	649	244	852	682
610	405	819	749	989
207	902	842	411	121
41	641	508	991	278
715	362	193	817	292
724	40	814	59	231
472	79	530	63	494
285	28	855	35	735
569	226	117	204	764
65	216	314	272	202
16	193	485	864	686
921	188	136	8	962
963	542	960	89	438
685	584	470	332	782
810	192	501	604	959
633	14	303	231	375
93	945	529	800	67
307	242	435	441	498
756	961	333	138	985
143	521	490	377	594
837	98	265	629	209
255	813	802	540	270
163	20	817	884	348
354	85	749	543	467
572	23	269	405	551
798	19	480	496	739
700	809	79	157	356
855	307	508	993	371
900	458	150	843	133
589	314	864	600	927
336	207	844	251	157
261	153	386	784	109
872	36	254	194	869
559	203	729	64	624
416	349	834	915	669
241	270	59	961	519
268	506	797	555	951
640	446	417	270	12
958	455	206	687	759
139	572	446	175	386
8	643	4	222	53
852	536	536	580	49
812	947	777	715	910
82	875	261	309	418
633	722	490	272	372
153	322	178	663	632
86	189	792	474	998
717	318	738	733	957
366	747	982	450	36
477	82	332	916	970
489	638	333	863	459
398	205	362	748	951
393	982	790	994	109
233	834	555	356	658
503	947	522	585	457
574	983	275	417	721
685	3	389	943	176
159	613	227	556	712
599	421	116	350	723
776	356	252	672	64
755	952	169	422	988
456	797	352	453	971
396	472	82	634	34
170	879	143	386	166
307	430	194	978	41
588	973	173	923	485
614	332	445	598	117
645	221	111	202	562
14	222	648	349	973
963	823	639	228	518
566	778	441	491	981
786	704	239	868	244
815	3	935	790	864
686	858	145	90	73
185	747	581	656	461
486	341	403	153	741
297	599	684	469	215
191	79	353	309	537
29	434	265	16	662
677	565	868	945	314
875	439	286	43	486
587	905	728	968	156
769	319	402	145	823
492	826	276	221	985
581	982	774	36	799
250	79	460	119	884
609	790	711	793	176
127	332	722	293	877
447	480	345	262	647
128	139	414	148	354
500	675	242	471	294
285	412	243	819	152
239	687	452	225	390
624	632	298	896	739
888	689	125	360	961
569	599	507	910	469
540	980	570	592	740
630	413	334	33	448
109	912	475	422	842
868	694	708	564	218
443	527	732	137	514
316	589	209	547	408
480	632	741	766	287
159	282	572	391	771
179	646	384	459	4
34	353	292	706	423
839	806	350	586	600
931	878	112	390	66
345	822	340	467	452
172	216	773	256	172
603	373	707	902	361
712	922	36	298	644
369	912	743	118	997
226	208	502	825	974
89	483	83	824	14
927	656	25	385	258
369	290	95	726	489
508	737	165	392	848
434	296	225	724	119
316	376	51	827	873
24	652	464	556	457
923	790	699	462	347
675	815	170	699	622
296	494	524	494	789
650	756	679	659	187
881	934	719	358	199
724	212	330	954	289
257	510	601	827	848
48	417	284	257	765
414	87	436	694	699
808	94	69	404	246
533	812	428	110	634
683	572	8	855	550
7	852	264	7	448
218	770	201	365	806
40	171	963	630	517
384	509	288	972	908
846	898	662	555	96
39	651	33	855	579
114	417	664	535	719
223	554	503	761	665
951	659	693	478	310
150	189	707	663	596
803	680	213	893	84
536	622	282	686	763
559	184	19	796	13
441	463	370	744	741
370	913	363	611	724
39	725	613	11	262
957	709	904	608	893
85	983	229	815	260
42	871	560	160	332
948	988	447	419	89
627	594	607	715	811
608	730	808	387	479
330	700	378	105	814
884	843	810	117	206
1000	787	335	510	48
245	217	494	703	369
945	92	387	963	765
24	935	102	987	71
832	732	751	508	874
855	329	308	394	782
735	540	191	648	185
223	265	522	749	372
528	297	23	471	948
475	400	951	382	220
533	675	354	571	919
326	359	365	125	410
4	508	321	163	988
760	608	645	893	472
215	17	626	47	319
654	606	109	398	962
316	69	499	551	866
11	106	711	568	962
902	988	766	337	794
188	416	896	662	902
935	364	806	431	732
192	68	94	150	471
862	404	165	784	405
900	681	716	574	846
862	651	616	672	873
331	812	226	267	594
943	853	881	110	51
264	760	3	406	319
817	178	167	700	617
675	4	965	553	819
373	634	780	634	859
330	194	15	386	766
306	353	466	808	24
11	880	616	672	524
479	100	689	100	577
667	286	585	722	330
744	935	915	132	552
490	606	586	405	519
426	783	516	240	316
888	599	104	41	97
492	4	158	709	879
389	537	97	659	578
231	637	27	771	651
27	53	245	610	835
764	81	339	83	294
881	898	643	310	457
53	845	508	415	626
564	16	726	627	827
418	632	121	563	212
663	925	791	246	846
629	653	90	97	8
735	297	491	349	972
575	402	16	708	331
302	805	336	249	528
853	980	318	26	72
355	279	698	912	406
376	932	605	606	577
191	19	197	798	623
925	808	911	899	504
174	982	307	924	570
384	674	241	842	503
479	93	204	667	793
231	242	992	510	579
194	514	490	402	196
823	558	499	993	800
728	611	520	248	668
969	123	233	868	324
803	423	294	361	939
266	290	120	881	844
849	28	350	164	303
405	536	898	747	785
972	931	304	546	27
909	665	713	159	657
672	60	938	85	185
932	432	258	52	251
88	748	377	675	944
644	620	172	953	674
434	585	267	419	144
7	76	440	748	964
666	608	678	178	552
235	538	548	230	341
17	302	489	473	646
403	212	612	151	307
120	84	660	107	254
567	810	442	538	266
397	397	219	540	315
89	846	916	399	487
826	63	621	683	661
836	812	761	540	899
612	626	202	423	697
270	285	560	646	819
586	126	981	40	824
2	922	295	523	534
823	821	226	368	629
849	710	495	565	641
149	56	804	355	181
416	580	881	157	919
699	566	790	476	197
467	457	319	666	300
456	406	948	605	964
390	321	789	509	675
532	45	937	294	3
285	411	662	51	731
321	36	915	564	843
120	14	742	191	87
818	488	789	895	733
435	231	373	250	523
696	183	906	548	975
607	646	7	392	699
48	412	906	547	705
588	198	545	554	223
454	390	38	865	800
72	375	326	966	667
87	975	468	689	666
785	550	292	765	592
837	250	234	899	738
563	653	844	158	743
399	677	237	201	743
395	590	422	114	425
585	370	300	343	115
614	982	569	83	15
765	194	628	495	109
343	488	957	680	302
591	848	971	596	28
895	391	351	125	271
661	638	703	181	670
211	149	398	415	903
655	367	799	395	927
963	469	43	131	249
223	51	265	444	333
203	18	766	338	237
970	204	303	981	548
816	839	617	238	18
896	374	60	107	664
164	28	48	650	9
447	621	134	895	770
568	831	620	399	497
428	625	726	350	738
953	187	516	619	202
942	178	191	660	717
931	574	290	42	30
369	262	87	308	667
437	439	819	341	177
987	622	934	895	831
984	243	478	476	240
661	445	81	122	550
434	695	791	456	768
33	589	576	438	400
603	696	645	565	989
863	832	789	213	692
585	28	243	84	589
323	981	40	78	238
392	718	277	337	137
435	931	730	404	309
938	390	627	872	735
699	195	763	138	196
201	464	811	144	655
91	395	704	893	831
46	486	137	531	316
771	307	851	65	325
204	908	849	420	617
315	904	548	855	969
677	869	922	403	371
431	49	375	533	420
748	552	905	955	385
512	165	943	506	346
498	580	42	199	844
885	438	236	705	517
88	953	239	255	657
493	842	519	325	958
318	925	131	27	649
668	75	27	212	963
685	520	881	262	221
318	691	90	565	793
44	647	867	153	209
724	254	564	837	265
206	103	377	233	759
827	602	466	419	259
430	882	889	617	618
586	827	578	995	584
250	100	162	230	861
166	458	97	636	685
179	317	328	223	891
673	359	865	684	383
488	280	563	922	80
463	696	292	981	678
920	223	253	428	969
463	875	703	499	131
112	973	938	488	89
161	281	923	120	37
207	940	498	262	504
232	145	390	99	644
206	926	74	534	243
617	339	299	190	849
489	638	951	99	374
469	114	763	720	796
326	275	97	778	984
22	72	311	200	119
768	73	699	405	872
767	780	222	725	815
194	748	144	359	284
619	25	231	450	859
923	865	570	183	198
167	441	655	503	87
283	85	45	594	409
133	791	120	894	107
36	233	310	700	378
470	10	813	824	283
744	329	680	696	669
768	896	588	141	19
180	637	124	237	922
941	240	644	789	51
408	762	823	156	530
178	448	700	525	862
27	747	120	787	934
841	355	13	478	781
837	548	533	703	95
57	211	137	557	632
510	648	888	220	238
721	473	575	133	42
908	209	317	335	898
742	885	505	297	263
265	360	427	263	466
45	508	748	190	467
321	868	843	902	402
245	423	159	94	688
569	638	806	839	821
688	852	131	384	259
117	778	53	239	209
185	43	503	65	124
552	677	551	811	570
359	797	127	742	778
162	62	107	454	149
719	499	678	635	199
151	937	231	699	143
9	906	154	89	316
53	51	963	870	755
19	610	600	793	907
436	134	682	458	583
448	651	642	216	255
241	995	908	469	798
568	360	955	154	231
